850 2197 1006 1143
3273 145 809 314
5166 5034 3086
223 2887 3051 3723 2959 282 5311
192 5106 5146
496 3769 3898
5102 1743 2864 5113 1530
3257 3257 3022
289 2961 251 1580
425 4162 3277
3190 3227 686
280 409 3682
605 4466 605
1665 1827 2083 616 5224 5099 5229 2137 1951
3675 376 252
1665 2211 1892 4132 5224 990 3582
3483 758 1550 23
1056 596 3710
3481 442 567 3326 31
3864 526 3864
1234 2556 1245 374
3657 3339 2886
3682 103 265 3157 280
1156 3192 1121
837 2058 1293 781 1486 1813
4980 1130 3811 2676
3834 3204 4106
3690 5114 31 333 3326 567
1960 837 1957
65 1957 2501 2058 1293 1813
3690 3306 3815 3864 341
2017 1988 3840 269
4067 2362 4445 2590
1488 810 1679 3628
1 3788 1293 3628 3886 3822 2897 50 496 728 3769 411
3906 452 3886 3822 3898 411
1185 1955 2011 5190 4118 4411
3858 1470 2886
883 4381 2003
185 3295 3494
2626 2850 4866 4872 5132 5134 4980 4859
4456 1121 3211 396
113 4206 1566
849 708 3614 858 3483 3820
2480 1579 267 719
3682 421 3824 376 252
3089 172 4710
810 3788 3822 3886 496 3769 411
3614 4457 3002
1021 3747 3787
5002 1723 4182
1744 1403 4337 2012
3788 3853 3886 3822 3898 411
728 1 3628
4776 3300 3863 69
3815 1246 3839
471 908 1287
3840 269 303
5313 2340 3815 3628 728 734 3135
5288 3049 3551
3224 566 4446
3683 3277 3683 3277
3340 711 3800 3758
903 811 4879
2875 2893 3886 496 853 3769 2874 411
3840 3809 1124 269 2877
3265 4997 806 4759 3578 3206
1920 2094 1920 3834 3646
3819 3709 1151
5020 3840 269
2712 194 1576 3820 463 858 1117
0 3906 452 496 3769 3898 2875 3775
0 3906 452 3853 2865 467 3742
4504 3233 843
2091 1754 2403 1764
2320 858 3820
4665 2082 4107 4116 2605
3685 3850 3339 365 1391 3643
3788 3886 496 3769 411 3775
4186 4907 3454
3840 269 46
4411 2337 618 2011
622 4445 2590
4577 1764 4104 4842 5075 2010
1130 3811 2926
3858 5206 3858 3874 2886 2983
787 51 3683 414
2741 2371 1973
4010 4890 1130 3811
266 1578 69
2649 403 1340 5117
5104 4041 4411
2965 1246 3839
4433 4041 1319
537 1940 3293
3273 3708 3519
1634 172 1741
947 3277 3315
2913 419 356
5280 834 3373
2045 3850 3643 365 1391
4866 4980 5134 2135
1755 567 333 3326 31
2164 2904 303
3880 728 1246 734 3839
728 3826 734
280 376 252
1213 376 252 421
390 3594 2571 5132 1741 5197 2676 5211 2013
1339 4932 5173
65 1957 2501 2058 1293 1813
5089 2058 1957
5224 5099 5173 1339 3519
5089 2210 2058 1293 1486 48
2626 2850 4866 4872 5132 5134 4980 4859
1185 1955 2011 5190 4118 4411
1293 837 1486
3326 1213 3102
1665 1827 2083 616 5224 5099 5229 2137 1951
1960 1486 1999
3598 5117 403 1014 2649 5243 733
837 2058 1293 1486 1813
65 837 1486 1957
1960 837 1957
849 5122 3002 2948
5179 1699 233 303
3212 252 3212
2948 3820 3500 3212 2320 858
154 2643 3293
70 863 70 863
48 3299 4423
1130 3811 3454
3811 3683 425 1130 2571
123 5106 3747 3747
1130 414 3454 3811
3788 3854 2865 3762 3775
153 1014 3837 567 149 31
3840 3787 20 269
1909 1032 69
1117 463 64 3747 4932 2889 4441 90 3292
409 442 333
3676 4041 3002 2948 1374
1313 284 261 3683 1130 3811
1323 1130 3811 3454 1303
3875 199 4461 47 2194 1406
165 70 863
3813 3446 3552 3825
3848 3826 3787 3747
4296 2297 3167
3696 3251 4776
3225 3473 3256 1856 1117 463
3841 858 3820
1096 3337 2871
3257 154 3683
2848 3874 2886 2983 3858 2649
1586 1586 781
3840 3787 4588 269 303
3840 269 3840 269
4081 4977 38
4181 3858 963
705 2574 1421 705 3925 2574
2654 2499 38
