4235 4235 4235
850 2197 1006 1143
3273 145 809 314 314 314 314 314 314
5166 5034 3086
941 4655 3788
2887 3051 5311 282 3723 2887 3051 5311 282 3723 3051 5311 2887 223 2959 3051 5311 2887 223 2959
192 5106 5146
3898 496 3769 3898
5102 1743 2864 5113 1530
4497 76 76 231 231 231 231 397 1742 4497 5167
3257 3257 3022
4577 730 730
1175 5185 5185 5185 5185
23 23 23
4440 4440 4440 5197 5197
4222 4222 4222
3864 4247 4247 4247
5167 5167 4113 4113
289 2961 251 1580
1215 1215 1215 3277 425 3277 3277 4162 4162 3277
328 1428 1428
3190 3227 686
3543 906 906
280 409 3682 4336
605 5132 5132 5132 5132 4466 605
1209 1209 1209 1209
1665 1827 2083 616 5224 5099 5229 2137 1951 1870 1870 1870 5229
3675 252 376 252 252
3219 5132 5132 5132 5132 3219
3022 173 173 173
1665 2211 1892 4132 5224 990 3582
3858 1062 1111
1584 1584 1584 1584
3483 758 1550 23 400
1056 596 3710
86 2686 86 86 86
3481 442 3005 3262 31 567 31 567 31 567 3326
3864 526 3864 3864
3319 3319 3319 3319
1234 2556 1245 374 1245 374
3168 3168 3168 3168
3657 3339 2886
3682 103 265 3157 280 1190 1190
1156 1121 1121 1121 1121 1675 1675 1121
3243 3243 3893 3893 3243 3893 3243
2975 2975 2975
2886 3858 2886 3858 3858
3827 3541 3541 3827
837 2058 1293 781 1486 1813
4980 1130 3811 2676
3834 3204 4106 4106 4106
3690 5114 304 333
1960 837 1957
5186 1955 5106 5106 5106
5004 4717 1942
65 1957 2501 2058 1293 1813 3422
3690 3306 3815 341 341
261 261 261 261 3208 3208
2017 1988 269 3840
4067 2362 2362
711 711 682 711 711 682
5178 5189 5189
3086 358 358 358 358
5127 5127 5127 5127
5258 2026 2026 2026 5080 5080 5258
646 1766 4894
1488 810 1679 306 306 420 497 1625 3612 3628 3628
1679 306 306 420 497 1625 3612 3628
5101 246 1559
1859 3265 3265 3265 3265
50 1 728 2897 1293 50 2897 1 728 2897 1 728
3822 411 3886 3898 452 3906
57 57 57 1982 1982
1185 4041 4041 4041 4041
1185 1955 2011 5190 4118 4411
4497 231 231 231 231 397 1742 4497 5167
3858 1470 2886
2378 1798 3301
127 3427 3737
883 4381 2003
303 303 303 303
5226 2772 5226
5092 5092 3858
1135 1135 1135
185 3295 3494
3898 4579 4579 4579
5186 1955 5106 5106 5106
396 3192 3192
2626 2850 4866 4872 5132 5134 4980 4859 414 414
4456 3211 396 396 3211
4206 113 1566 4206 113 1566 113 1566 4206
849 708 3614 3483 858 3820
2480 1579 267 719
3089 172 4710
1539 2994 2994 2994 3612
810 411 3886 3822 496 3769 3788
3614 3002 4457
1021 3747 3787
5002 1723 4182
1744 1403 2012 2012 4337 2012
3822 411 3886 3788 3898 3853
5234 5234 5234
885 885 885 885
4776 3300 3863 69 69
3815 1246 3839
314 314 314 314
471 1287 908
1175 5185 5185 5185 5185
1209 1209 1209 1209
3277 3277 3277 3277
269 3840 269 3840 269 3840 303 269 3840 303
3135 5313 3815 728 734 3135 5313 3815 3815 3135 5313 2340
5288 3049 3551
3224 566 4446
3683 3277 3683 3683 3277 3683 3277
69 69 69
3340 711 3758 3800
903 1075 4879 811 4879
411 3886 2874 496 3769 2875 411 3886 2874 496 3769 2875 411 3886 496 3769 2874 2893 411 3886 496 3769 2874 2893 853
269 3840 269 3840 1124 3809 1124 3809 269 3840 2877 1124 3809
3265 4997 806 4759 3578 3206
5102 5102 5102 5102
1920 2094 3646 3834 1920
1151 3819 3709
5020 269 3840
2712 194 1576 858 3820 1117 463
3898 496 3769 3775 452 3906 496 3769 3775 0 2875
2865 3853 0 452 3906 467 2865 0 3853 3742 2865 0 3853 452 3906
2941 1111 2941 1111 2941
2851 2851 2851
4504 3233 843
5104 5104 5104 5104
2091 1754 2403 1764
2320 858 3820
249 249 3683 249
2863 2863 2863 2863
4665 2082 4107 2605 4116
3685 3685 3339
786 411 3886 496 3769 3788 3775
269 3840 269 3840 269 3840 269 3840
4186 4907 3454
269 3840 46 269 3840 46
1864 1864 1864
303 303 303 303
4411 2337 618 2011 2390
622 4445 2590
2010 2010 4104 4577 2010 4104 4842 5075
359 359 359 359
5258 5258 5258
5158 5158 5158 5158
2926 1130 3811
3858 5206 2886 3858 2983 3874
787 414 3683 51
5189 5189 5189 5189
214 214 214 214 2759
2741 1973 2371
4010 4890 1130 3811
1969 3626 3626 3626 3626
4689 2903 2903 2903 2903
3442 3442 3442 3442
266 1578 69 266 1578 69 266 1578 69
1827 4313 4313 4313 5254 5254 5254
112 4476 4476
2649 403 1340 5117 365 882 882 882 882
3319 3319 3319 3319
5104 4041 4411
2965 1246 3839
4433 4041 1319
1701 1919 4825
915 915 915
3824 3824 3824 3824 2991
537 537 1940 537 537 3293
3519 3273 3519 3708 3273 3273 3708 3519 3273
427 427 427
4336 4411 4336
284 284 284 284 2473
1731 1731 1731 1731
1982 1982 1982 1982
78 78 5197
3200 23 23 23 23
1634 172 1741 1634 1634 1634 1634 1692 1692 1741 1741 3301
3107 4440 4745
947 3277 3315
2913 419 356
333 751 2105 2146 3824 3824
834 3373 5280 3373 5280 3373 5280
2045 365 3643 1391 3850 365 3643 365 3643 365 3643 365 3643 365 3643 365 3643
1136 1136 1136
4866 4980 5134 2135
1755 2967 333 333
1185 314 314
594 406 2595
2164 303 2904 2904
3880 728 1246 734 3839
1185 1185 1319
728 3826 734
388 143 5122
1213 421 252 376 376 421 252 376 376 421 252 421 252
390 3594 2571 5132 1741 5197 2676 5211 2013 1741 1741
442 442 526
29 29 29 29
1339 4932 5173 4932
3340 3340 3340
65 1957 2501 2058 1293 1813
57 57 57
5089 2058 1957
5224 5099 5173 1339 3519
5089 2210 2058 1293 1486 48
2626 2850 4866 4872 5132 5134 4980 4859 414 414
998 998 5116 5116 5168 5168
1679 448 526 526 1539 1539
1185 1955 2011 5190 4118 4411
1293 837 1486
3326 1213 3102
1920 427 427 427
1539 2994 2994 2994 3612
1665 1827 2083 616 5224 5099 5229 2137 1951 1870 1870 1870 5229
1960 1486 1999
3598 5117 403 1014 2649 5243 733 307 443 882 882 882 882 2649 3953 5107 5107 5107 5107
341 163 341 341
837 2058 1293 1486 1813
65 837 1486 1957 1097 1097 1097
1960 837 1957
1225 1225 1225
239 239 262 382
849 5122 2948 3002 2948 3002 2948 3002
858 3820 858 3820
303 303 303 1699 303 5179
5243 5243 5243 5243
2135 2135 2135 2135
2569 5162 5162
5174 5174 5174 5174
2443 5116 5116
3212 252 3212
5191 5191 5191
3212 3500 3500 858 3820 3212 3500 858 3820 2320 3212 2948
381 3002 381 3002
154 2643 3293
1835 1835 1835
70 863 70 863
1982 1982 1982
48 3299 4423
2854 2854 2854
5109 5109 5109
1130 3811 1130 3811 1130 3811
3454 1130 3811
1130 3811 425 2571
123 5106 3747 3747
3169 5267 5267 5267 2809 2809
3454 414 1130 3811
3762 3788 3854 3788 3762 3854 3788 3762 3854 3775 2865
153 1014 149 3837 31 567
20 3787 269 3840
1909 69 1032 69 1032 69 69
2001 2948 2948 2948 2948
1117 463 64 4932 3292 90 4441 64 90 4932 3292 2889 64 90 2889 4932 3292 64 90 2889 4932 4441
69 69 69 69
3858 2886 3858 2886 2886 3858 2886 3858 2886 3858 2886 3858 3858 2886 3858 2886
2331 1630 1630
3676 4041 4041 4041 4041 1374 4041 4041 4041
1313 284 261 1130 3811 1130 3811 1130 3811 3683
1323 3454 1303 3454 1130 3811 1303 3454 1130 3811 1303
1169 352 1169
64 64 64
2194 47 199 47 199 1406 3875 1406 3875 4461 1406 3875 4461 1406 3875
165 70 863
3813 3446 3552 3552 3552 3825
3787 3747 3848 3787 3747 3848 3787 3747 3848 3787 3747 3848 3826
4296 3167 2297 3167 2297 3167
3696 3696 3696 3696 3696 4776 3696 3251
3225 3473 3256 1856 1117 463
858 3820 858 3820 3841 3841 858 3820 3841 858 3820
1096 3337 3337 3337 2871 3337
1702 1702 4964
3257 154 3683 3683 3683
1340 1340 1340
2848 2848 2649
1586 1586 781
1178 1178 1178
4810 4673 4810
303 4588 4588 303 269 3840 4588 269 3840 303 4588 3787 303
10 1541 10 1541
3840 269 269 3840
1234 1234 1234
4081 38 4977 4977
4252 4146 4252 4252 4146 4252 4146
4181 963 963 3858 963 963
1280 1279 1280 1279 1280
709 709 709 709
705 2574 3925 2574 3925 1421 2574 705
2499 38 2499 38 2499 2654
