425 4162 3277
3190 3227 686
280 409 3682
1665 1827 2083 616 5224 5099 5229 2137 1951
1665 2211 1892 4132 5224 990 3582
3483 758 1550 23
1056 596 3710
3481 442 567 3326 31
3864 526 3864
1234 2556 1245 374
837 2058 1293 781 1486 1813
1960 837 1957
2017 1988 3840 269
4067 2362 4445 2590
1488 810 1679 3628
1 3788 1293 3628 3886 3822 2897 50 496 728 3769 411
3906 452 3886 3822 3898 411
1185 1955 2011 5190 4118 4411
2626 2850 4866 4872 5132 5134 4980 4859
113 4206 1566
849 708 3614 858 3483 3820
3682 421 3824 376 252
3089 172 4710
471 908 1287
3840 269 303
5313 2340 3815 3628 728 734 3135
5288 3049 3551
3224 566 4446
3340 711 3800 3758
3840 3809 1124 269 2877
3265 4997 806 4759 3578 3206
1920 2094 1920 3834 3646
5020 3840 269
2712 194 1576 3820 463 858 1117
0 3906 452 3853 2865 467 3742
2320 858 3820
4665 2082 4107 4116 2605
3685 3850 3339 365 1391 3643
3840 269 46
4433 4041 1319
947 3277 3315
5280 834 3373
1755 567 333 3326 31
280 376 252
1960 837 1957
5179 1699 233 303
154 2643 3293
48 3299 4423
3811 3683 425 1130 2571
1117 463 64 3747 4932 2889 4441 90 3292
3676 4041 3002 2948 1374
1313 284 261 3683 1130 3811
1096 3337 2871
