4235 4235 4235
4577 730 730
1175 5185 5185 5185 5185
4222 4222 4222
3864 4247 4247 4247
1215 1215 1215 3277 425 3277 3277 4162 4162 3277
3190 3227 686
280 409 3682 4336
1665 1827 2083 616 5224 5099 5229 2137 1951 1870 1870 1870 5229
3219 5132 5132 5132 5132 3219
1665 2211 1892 4132 5224 990 3582
3858 1062 1111
3483 758 1550 23 400
1056 596 3710
3481 442 3005 3262 31 567 31 567 31 567 3326
3864 526 3864 3864
1234 2556 1245 374 1245 374
3168 3168 3168 3168
3827 3541 3541 3827
837 2058 1293 781 1486 1813
1960 837 1957
261 261 261 261 3208 3208
2017 1988 269 3840
4067 2362 2362
5178 5189 5189
3086 358 358 358 358
5127 5127 5127 5127
1488 810 1679 306 306 420 497 1625 3612 3628 3628
5101 246 1559
50 1 728 2897 1293 50 2897 1 728 2897 1 728
3822 411 3886 3898 452 3906
1185 4041 4041 4041 4041
1185 1955 2011 5190 4118 4411
127 3427 3737
5226 2772 5226
5092 5092 3858
3898 4579 4579 4579
2626 2850 4866 4872 5132 5134 4980 4859 414 414
4206 113 1566 4206 113 1566 113 1566 4206
849 708 3614 3483 858 3820
3089 172 4710
471 1287 908
269 3840 269 3840 269 3840 303 269 3840 303
3135 5313 3815 728 734 3135 5313 3815 3815 3135 5313 2340
5288 3049 3551
3224 566 4446
69 69 69
3340 711 3758 3800
269 3840 269 3840 1124 3809 1124 3809 269 3840 2877 1124 3809
3265 4997 806 4759 3578 3206
1920 2094 3646 3834 1920
5020 269 3840
2712 194 1576 858 3820 1117 463
2865 3853 0 452 3906 467 2865 0 3853 3742 2865 0 3853 452 3906
2941 1111 2941 1111 2941
5104 5104 5104 5104
2320 858 3820
249 249 3683 249
2863 2863 2863 2863
4665 2082 4107 2605 4116
3685 3685 3339
269 3840 269 3840 269 3840 269 3840
269 3840 46 269 3840 46
1864 1864 1864
303 303 303 303
1969 3626 3626 3626 3626
1827 4313 4313 4313 5254 5254 5254
4433 4041 1319
915 915 915
3824 3824 3824 3824 2991
427 427 427
78 78 5197
3200 23 23 23 23
947 3277 3315
834 3373 5280 3373 5280 3373 5280
1136 1136 1136
1755 2967 333 333
1185 1185 1319
3340 3340 3340
1679 448 526 526 1539 1539
1539 2994 2994 2994 3612
1960 837 1957
1225 1225 1225
303 303 303 1699 303 5179
5243 5243 5243 5243
2135 2135 2135 2135
2443 5116 5116
154 2643 3293
1835 1835 1835
48 3299 4423
1130 3811 425 2571
1117 463 64 4932 3292 90 4441 64 90 4932 3292 2889 64 90 2889 4932 3292 64 90 2889 4932 4441
3676 4041 4041 4041 4041 1374 4041 4041 4041
1313 284 261 1130 3811 1130 3811 1130 3811 3683
1096 3337 3337 3337 2871 3337
