5360 5361 5362 5363 5364 5365 5366 5367 5368 5369
3717 5385 5386 5387 5388 5389 5390 5391 5392 5393
5556 5557 5558 5559 5560 5561 5562 5563 5564 5565
5600 5321 5323 5593 5594 5595 5596 5597 5598 5599
5634 5635 5636 5637 5638 5639 5640 5641 5583 5552
5504 5321 5323 5324 5746 5747 5748 5749 5750 5751 4312 3762 1823
5760 5761 5752 5753 5754 5755 5756 5757 5758 5759
5856 5857 5858 5859 5860 5861 3775 5853 5854 5855
5377 5879 5880 5881 5882 5883 5884 5885 5886 5887
5897 5898 5899 5900 5901 5902 5903 5904 5905 5855
5920 5572 5862 5321 5323 5915 5916 5917 5918 5919
5995 5996 5997 5998 5999 6000 6001 6002 6003 6004
6086 6087 6088 6089 6090 5323 6091 6092 6093 6094
6113 6114 6115 6116 6117 6118 6119 6120 6121 5468
6183 6184 6185 6186 6187 6188 6189 6190 6191 114 114
5324 116 6200 6201 6202 6203 6204 6205 6206 6207 116 4445
6255 6256 6257 6258 6259 6260 148 5553 6261 6262
6453 6454 6455 6456 6457 6458 6459 6460 6461 6462
6473 6474 6475 6476 6477 6478 6479 5563 6140 5885
6501 6502 6503 6504 6505 6506 6507 6508 6509 6510
1674 5323 6573 6574 6575 6576 6577 6578 6579 6580
6735 6736 6737 6738 6739 6740 6741 6742 6743 6744
6761 6762 6763 6764 6765 6766 6767 6768 6769 6770
5921 6775 5324 6776 5811 6772 6771 6773 6231 6774
5321 6794 6795 6796 6797 5323 5324 6799 6800 6798
6896 6897 6898 6899 6900 6901 6902 6903 6904 6905
5321 5323 6924 6925 6926 5324 6928 3819 6927 5402 3373 3486 3614
6944 6945 6946 6947 6948 6949 6950 5321 5324 5402
6976 6977 6978 6979 6980 6981 6982 3717 6983 6975
6984 6985 6986 6987 6988 6989 6990 6991 6992 6993
7017 7018 7019 7020 7021 7022 7023 7024 7025 7026
3648 6881 7040 7041 7042 7035 7036 7037 7038 7039
7043 7044 7045 7046 7047 7048 5321 5323 5423
5994 7054 7055 7056 7057 7058
7059 7060 7061 7062 7063 7064 7065 7066 7067 7068 573
7139 7140 7141 7142 7143 7144 7145 7146 7147 7004
6600 5321 7148 7149 7150 7151 7152 7153 7154 247
7202 7203 7204 7205 7206 7207 7208 7209 7210 5887 3751
7281 7282 7283 7284 7285 7286 7287 7288 7289 6769
5321 7405 7406 7407 7408 7409 7410 7411 7412 3769 311
3078 5323 5324 3886 3126 7451 7452 7453 7454 6911 5209 2708
7463 7464 7465 7466 7467 7468 7469 7470 7471 7472
7510 7511 7512 7513 7514 7515 7516 7517 7518 7519
193 7556 5321 235 5323 5324 5423 5585 3480 5566 2176 261 396 4495 5135 4373 1815 1303 3607 543 294 1064 4268 1713 4287 193 4162 3525 5069 4184 3803 3164 1756 4453 2278 743 4199 4075 3564 632 3454
7589 7590 7591 7592 7593 7594 7595 7596 7597 7598
5423 7667 7668 7669 7670 7671 7672 7673 7674 7675
3906 3788 3769 7705 7706 7707 7708 7709 7710 5663
7721 7722 7723 7724 7725 7726 7727 7728 7729 7730
7764 7765 7766 7767 7768 7769 7770 7771 7772
1024 7808 7809 7810 7248 148 7805 7806 7807
7840 7841 7842 7843 7844 7845 7846 5323 5324 6590
6151 7882 7883 7884 7885 7886 7887 7888 7889 7890
8096 8097 8098 8099 8100 8101 8102 5383 3788 8095
6272 8160 8161 8162 8164 8165 8163 8166 8167 6383
5321 5324 3769 8343 8344 8345 8346 8347 8348 8349 3545 3463
8354 8355 8356 8357 8358 8359 6789 5323 6124 6450
5699 6534 5321 3788 2893 5327 6548 5846 6973 6974
8491 8492 8493 8494 8495 8496 8497 8498 8499 8500
8501 8502 8503 8504 8505 8506 8507 8508 8509 8510
8547 8548 8549 8550 8551 8552 8553 5321 8554 3769
8393 5578 8555 8556 8557 8558 8559 8560 8561 8562
5321 8598 8599 8600 8601 8602 8603 5374
8622 6671 8624 8625 8623 8626 8627 8628 8629 8630
9322 9323 9324 9325 5774 9327 9326 6545 9328 3769
9346 7523 9347 7522 9349 9351 9348 9350 148 5597
9445 9446 9447 9448 3175 9449 9450 9451 9452 9453
9632 9633 9634 9635 9636 3788 6543 5423 9631
9760 9761 9762 9763 9764 7753 7882 9757 9758 9759
9765 9766 9767 9768 9769 9770 9771 9772 9773 6557
9792 9793 9794 9795 9796 9797 9798 9789 9790 9791
7235 5324 9840 9841 9842 9843 9844 9845 9846 3709
5994 778 9855 8146 148 5597 9854 7231
9856 9857 9858 9859 9860 9861 9862 9863 9864 9865
9888 9889 9890 9891 148 9883 9884 9885 9886 9887
9920 9921 9922 9923 6660 9925 9926 9924 9927 861
9954 9955 9956 9957 9958 9959 9960 9961 9962 8567
9984 9985 9986 9987 9988 9989 9990 9991 9992 9983
9816 5324 10002 10003 10004 10005 10006 10007 10008 3898
10068 10069 10070 10071 10072 10073 10074 10075 10076 10077
10080 10081 10082 10083 10084 5576 5838 6936 10078 10079
10112 10113 10114 10115 10116 10117 10118 10119 10110 10111
10144 10145 10146 10147 10148 10149 10150 10151 10142 10143
5383 10152 10153 5321 10154 10155 2893 3886 5423 3898
10314 10315 6316 10316 10317 10318 7506 9306 6140
9126 10418 10419 10420 10421 10422 10423 10424 10425 10426
5321 5324 10452 10453 10454 10455 10456 10457 10458 3903
8582 5543 5321 10507 10508 10509 10510 10511 3769 700 700
5959 3769 10520 10521 10522 10523 10524 10525 7966
10560 10551 10552 10553 10554 10555 10556 10557 10558 10559
10594 10595 10596 10597 10598 10599 10600 10601 10602 10603
5956 7942 10633 10634 10635 10636 10637 10638 10639 5395
10656 10657 8960 10659 10658 10660 722 10653 10654 10655 722
10670 10671 10672 10673 10674 10675 10676 10677 10678 10679
10816 10817 10818 10819 294 10058 148 3830 1117 9471
746 10834 10835 10836 10837 10838 10839 10840 10841 10842 746
10949 10950 10951 10952 10953 10954 10955 10956 5621 8119
10984 10985 10986 10987 10988 10989 3788 10990 10991 5885
11022 11023 11024 11025 11026 11027 11028 11029 11030 11031
11040 11041 11042 11043 3172 11045 11046 11044 11048 11047
11082 11083 11084 11085 11086 11087 11088 11089 11090 7510
6859 11091 11092 11093 11094 11095 11096 11097 11098 11099
11105 11106 11107 11108 11109 11110 11111 11112 6450 6131
11113 11114 11115 11116 11117 11118 11119 11120 11121 6867
4259 11236 11237 11238 11239 11240 11241 11242 11243 11244
6762 11245 11246 11247 11248 11249 11250 11251 11252 7966
5321 5324 5719 11289 11290 11291 11292 11293 11294 11295
11311 11312 11313 11314 11315 11316 11317 11318 11319 11320
11340 11341 11342 11343 11344 11345 11346 11347 11348 3898
11425 11426 11427 11428 11429 5321 3788 3769 3903
6857 5323 11468 11469 11467 6833 10392 6079 7548 7231
3778 5321 10378 11470 11471 11472 11473 11474 11475 5563
11541 11542 11543 11544 11545 11546 11547 11548 11549 11550
7175 10008 11574 11575 11576 11577 11578 11579 11580 3775
11584 11585 11586 11587 5321 6762 11443 11581 11582 11583 2076
3648 11599 11600 11601 11602 11603 11604 11605 11606 11607
11617 11618 11619 11620 11621 11622 11623 11624 11625 11626
11648 5669 11645 11641 11642 11643 11644 3709 11646 11647
11692 11693 11694 11695 11696 11697 11698 11699 11700 11701
11745 11746 11747 11748 11749 11750 11751 11752 11753 11754
11799 1833 5943 11794 11795 11796 11797 5942 11798 11800
11808 5959 5576 11801 11802 11803 11804 11805 11806 11807
11809 11810 11811 11812 11813 11814 11815 6562 11816 11817
6314 5402 11833 11828 11829 11830 11831 11832 3769 11834
11840 11841 148 10840 11835 11836 11837 11838 11839
5321 5578 11887 5584 11888 11890 8146 11889 11891 3769
8642 5571 5321 11896 5423 11894 11895 8536 11897 5531
11904 11905 3788 6866 11898 11899 11900 11901 11902 11903
11906 11907 11908 11909 11910 11911 11912 11913 11914 8252
8456 11948 11949 11950 11951 11952 11953 11954 11955 11956
12000 5603 300 8601 11994 11995 11996 11997 11998 11999
12192 12193 12194 9126 9767 5423 12188 12189 12190 12191
12195 12196 12197 12198 12199 12200 12201 12202 12203 12204
12231 12232 12233 12234 12235 12236 12237 12238 12239 12240
12241 12242 12243 12244 12245 12246 12247 12248 12249 12250
6117 8485 5321 5324 6605 3769 12282 12283 12284
12292 12293 3717 12294 12296 12297 12295 12298 8146
5800 7368 5994 12299 12300 12301 6859 12302 12303 5563
12314 12315 5321 12313 954 3387 12316 12317 12318 12319 954
3297 12322 12323 12324 12325 12326 12327 5324 6381 8146
12328 12329 12330 12331 12332 12333 12334 12335 12336 12126
6272 5324 12337 12338 12339 148 12341 12340 12342 11320
12416 12417 12418 12419 12420 12421 12422 7917 3790 11544 5056
12423 12424 12425 12426 12427 12428 12429 12430 12431 3898
9763 2953 12432 12433 12434 6611 12435 12436 12438 12437
12454 12455 12456 12457 12458 11115 5323 12459 148
7909 2888 12460 12461 12462 12463 12464 12465 12466 12467
12544 12545 12546 12547 12548 12549 12550 12551 12552 12553
6080 12581 12582 12583 12584 12585 12008 12586 3769
12587 12588 12589 12590 12591 12592 12593 12594 12595 12596
12608 12609 12610 12611 12612 12613 5476 12614 10216 12607
12640 12410 5848 12633 12634 12635 12636 12637 12638 12639
12641 12642 12643 12644 12645 12646 12647 12648 12649 6831
5994 12175 12688 12687 7058
5321 5675 5324 12719 12720 12721 12722 12723 12724 12725
12727 5835 3788 3769 12726 1015 12728 12729 12730 12731 5179 1015
12768 12769 12770 12771 12772 12773 12774 12775 12766 12767
5911 6738 12789 12790 12791 12792 12793 12794 12795 12796
7522 12802 12804 5573 6789 12805 12803 12806 8429 10268
12807 12808 12809 12810 12811 12812 12813 12814 12815 12816
8289 5321 12817 12818 12819 12820 12821 3769 5374 6239
12855 7657 12849 12850 12851 148 12853 12852 12854 6654
12896 12897 12898 12899 12900 7251 12892 12893 12894 12895
12908 12909 12910 12911 12912 12913 12914 12915 12916 12917
8642 12995 12996 12997 12998 12999 13000 13001 10806
5321 13002 13003 13004 13005 13006 13007 13008 13009 13010
5376 3886 8178 13011 13012 9810 13013 13014 5374 9919
13040 13041 13042 13043 13044 13045 13046 13047 13048 7903
5321 11371 3788 13133 13132 13134 13135 13136 13137 13138
11137 13290 13291 13292 13293 13294 13295 13296 5684 6070
13332 13333 13334 13335 13336 13337 13338 13339 13340 13341
13385 13386 13387 13388 13389 13390 13391 13392 13393 13394
13424 13425 13426 13427 13428 13429 13430 13431 13432 13433
13477 13478 13479 13480 13481 13482 13483 13484 13485 1115 1115
13568 13569 13561 11033 13562 13563 13564 13565 13566 13567
13607 13608 13609 13610 13611 13612 13613 13614 13615 3898
13640 5321 13641 13642 13643 5613 13644 13645 7415 5402
13669 13670 13671 13672 5321 13673 13674 13675 13676 6552
13677 13678 13679 13680 13681 13682 13683 13684 13685 13686
13760 13761 6562 13762 13763 13764 13765 13766 13758 13759
13836 13837 13838 13839 5423 13840 13841 13842 13843
13856 13857 13858 13859 13860 13861 13862 7559 13854 13855
13879 6608 13872 13874 13873 13875 13877 13876 13878 12560
5601 13912 5579 13906 13907 13908 13909 13910 13911 6070
7047 5321 3886 8593 3769 13913 13914 13915 7548 13916
13925 13926 13927 13928 13929 13930 13931 13932 13010 5758
6153 11666 13941 13942 13943 13944 13945 13946 13947 13948
13968 13969 13970 13971 13972 13973 13974 13975 13976 1179 1179
14016 14017 6383 6231 14010 14011 14012 14013 14014 14015
7522 14031 14032 5584 3634 14035 14033 14034 7231 9951
14048 14049 14050 9155 14051 14043 14044 14045 14046 14047
14052 5573 14054 14053 5574 14056 14057 14058 14059 14055
14144 14145 14146 14147 14148 6478 14140 14141 14142 14143
14149 14150 14151 14152 14153 14154 7595 5324 14155 14156
14163 14164 14165 14166 14167 14168 14169 14170 14171 14172
8498 14227 14228 14229 14230 14231 5973 14232 14233 14234
14276 14277 14278 14279 14280 14281 5321 14282 14283 14284
5324 14285 14286 14287 14288 14289 14290 14291 14292 14293
14345 14346 14347 14348 14349 14350 14351 14352 14353 5471
7522 7942 6859 14381 14382 14383 14384 14385 14386 11935
14402 14403 14404 14405 14406 14407 14408 14409 14410 11250
14560 14561 14562 14563 14564 11250 14556 14557 14558 14559
7559 5324 14574 14575 14576 14577 14578 14579 14580 14581
14604 14605 14606 14607 5324 14609 14608 14610 14611 14612
14691 14692 14693 14694 14695 14696 14697 14698 14699 14700
14752 14753 8627 9303 14746 14747 14748 14749 14750 14751
14783 148 10842 14777 14778 14779 14780 14781 14782 7679
14784 14785 14786 14787 14788 14789 11233 14790 14791 14792
5479 14824 14825 14826 14827 14828 14829 14830 14831 14832
13394 14837 14838 14839 14840 14841 14842 14843 14844 14845
14856 14857 14858 6857 14859 14861 14860 14863 14862
14864 14865 14866 14867 14868 14869 14870 14871
14924 14925 14926 14927 14928 14929 14930 14931 14932 3903
14962 14963 14964 14965 14966 14967 14968 14969 14970 14971
14982 14983 14984 5321 14985 14986 3788 14987 14988 5328
15061 15062 15063 15064 15065 15066 15067 15068 15069 15070
15114 15115 15116 15117 15118 15119 15120 15121 6578 15122
15158 15159 15160 15161 15162 15163 15164 15165 15166 15167
11273 12555 15212 15213 15214 15215 15216 15217 15218 15219
15264 15265 15266 15267 15268 15269 15270 15271 14224 6867
15401 15402 15403 15404 15405 15406 15407 15408 15409 15410
15824 15825 15826 15827 15828 15829 15830 15831 15832 15833
16149 16150 16151 16152 16153 16154 16155 16156 16157 16158
16194 16195 16196 16197 16198 16199 16200 16201 16202 16203
16394 16395 16396 16397 16398 16399 16400 16401 16402 16403
6304 6664 16875 16881 16882 5425 6388 16883 5430 16884
5321 1586 16919 16920 16921 16922 16923 16924 16925 16926 1586
16935 16936 16937 16938 16939 5321 16940 8073 5423 5324 4684
16983 16975 16976 16977 16978 16979 16980 16981 6261 16982
16992 10653 16993 5543 5321 11629 16989 16990 16991
17004 17005 17006 17007 17008 17009 17010 17011 17012 17013
17064 17065 17066 17067 17068 17069 17070 17071 17072 17073
7235 3404 17102 17103 17104 17105 17106 17107 148 3769
17120 17121 17122 6410 8315 17115 17116 17117 17118 17119
6272 5573 17133 17134 17135 17136 17137 17138 17139 15157
10653 7523 9895 3788 17168 17169 6450 7548 5597 5374
17200 17201 17202 17203 17204 17205 17206 17207 6140 6494
17248 17249 17250 1635 17251 17252 8621 7953 17246 17247 1635
8929 17253 17254 17255 17256 17257 17258 17259 17260 17261
17262 17263 17264 17265 17266 17267 17268 17269 17270 17271
17276 3754 7694 17272 17273 11418 17275 3898 17277 17274
17281 17282 17283 17284 17285 17286 5383 8536 13882 5531
17287 17288 17289 17290 17291 17292 17293 17294 17295 17296
9635 17333 17334 17335 17336 17337 17338 17339 17340 17341
17344 17345 17346 17347 17348 17349 11543 8220 17342 17343
17376 17377 17378 17379 17380 17381 5321 3903 17374 17375
7969 10082 5321 17390 17391 17392 17393 17394 17395 17396 282 3004
8429 17397 17398 17399 17400 17401 17402 17403 17404 17405
17408 17409 17410 17411 17412 5321 3788 5371 17406 17407
17441 17442 17443 17444 17445 17446 17447 6829 5587 11350
5383 17448 17449 17450 17451 5676 17452 17453 17454 3769
17463 8054 17462 17464 17465 17466 17467 17468 17469 17470
17472 17473 17474 17475 17476 17477 7942 17478 16906 17471
12001 3886 17486 17487 17488 17490 10448 17492 17489 17491
17522 17523 17524 17525 17526 17527 17528 17529 17530 10519
9443 6789 3717 16746 5774 17531 17532 17533 17534 17535 164
7022 17552 17553 17554 8979 17555 17556 17557 17558 17559
6124 3885 17560 17561 17562 17563 17564 17565 17566 17567
17604 17605 17606 17607 17608 17609 11562 17610 17611 3869
17632 5569 5506 17635 17633 17634 5959 5717 17631
17664 17665 17666 17667 7893 10967 17660 17661 17662 17663
17668 17669 17670 17671 17672 17673 17674 17675 17676 17677
9377 17711 17712 17713 3634 17714 17715 17716 17717 11838
5324 17718 17719 17720 17721 17722 17723 17724 13309 17725
17728 8289 10659 17727 5321 5324 12189 17726 3775
17729 17730 17731 17732 17733 17734 17735 1703 17736 8180 1703
17797 17798 17799 17800 17801 17802 17803 17804 7249 17301
3754 5324 17869 17870 17871 17872 17873 17874 5587 3898
6598 6124 5324 17875 17876 17877 17878 17879 17880 17881
16769 1731 17924 17925 17926 6660 17927 17928 5323 5324 1731
14112 17963 17964 17965 17966 17967 17968 17969 17970 17971
13351 17997 17998 17999 18000 18001 18002 18003 18004 18005
18016 18017 15426 18018 18019 16392 7249 18013 18014 18015
18048 18049 18050 18051 13603 18052 18053 18054 18046 18047
18062 18063 18064 18065 18066 18067 18068 18069 18070 3869
17121 5868 5838 13689 18074 18075 18076 18077 18078 18079
18080 18081 18082 18083 18084 18085 3819 3788 5328 11057
18086 18087 18088 18089 18090 18091 18092 17961 18093 17615
294 18118 18119 18121 18120 18122 5324 18124 18123 3709
15652 13478 5324 18132 18133 18134 18135 18136 18137 18138
18144 18145 18142 148 18139 18140 18141 6526 18143
5542 18153 18154 18155 5324 18157 18156 5716 5597 5471
18178 18179 18180 18181 5383 8072 5321 5423 8209 11766
18212 18213 18214 18215 18216 18217 18218 6068 17685 12827
18272 8289 18274 18273 18275 5323 6124 5324 5679 18271 4522
18282 18283 18284 18285 18286 18287 18288 18289 18290 5563
13121 5323 5324 18291 18292 18293 18294 18295 18296 18297
5321 3788 3886 3898 5719 18298 18299 18300 18301 3775
18304 18305 12802 18307 18306 18309 18308 13177 18302 18303
18336 18337 1730 11720 18330 18331 18332 18333 18334 18335
17121 7940 18378 18379 18380 18381 18382 18383 18384 18385
18400 18401 18402 18403 18404 18405 18406 7140 18407 18408
18418 18419 18420 18421 18422 18423 18424 18425 18426 18427
6759 5321 12214 18489 18490 18491 18492 18493 18494 7679
5323 5585 148 11326 18522 18523 18524 18525 18526 18527
18560 18561 18562 7081 17685 18555 18556 18557 18558 18559
18656 11201 18657 18658 5324 18651 18652 18653 18654 18655
3906 18659 18660 18661 18662 18663 18664 5321 18665 18666
18688 15490 7942 6478 12181 18683 18684 18685 18686 18687
18689 18690 18691 18692 6789 18693 18694 18695 10415 6450
18720 18721 18722 18723 18724 18725 16075 10832 8146 148
6316 18742 18743 18744 18745 18746 18747 18748 18749 18750
18752 18753 13121 18754 18755 18757 18756 18758 5324 18751
18759 18760 5321 16745 5323 18761 2893 3886 18762 18763
5324 7183 14258 12245 18774 18775 18776 18777 18778 18779
10598 18791 18792 18793 18794 18795 18796 18797 18798 18799
18809 15817 148 18808 5721 18810 18811 18812 18813 18814
18824 18825 18826 18827 18828 18829 18830 5423 18831 18131
8010 18873 18868 18869 18870 18871 18872 13177 18874 18875
7522 18919 18920 18921 18922 18923 5321 6973 12302 5437
14020 5321 5323 10092 3769 18934 18935 18936 18937 18938
18944 18945 18946 18947 18948 18949 18950 18941 18942 18943
18951 18952 18953 18954 18955 18956 5321 18958 18957 6430
18959 18960 18961 18962 18963 18964 18965 18966 18967 12921
13760 1891 13938 19027 19028 19029 19030 19031 19032 19033 1891
19040 19041 19042 18142 19034 19035 19036 19037 19038 19039
5472 19049 19050 19051 19052 19053 19054 19055 3830 7222
17669 19056 19057 19058 19059 19060 19061 19062 19063 7737
5321 19082 19083 19084 19085 19086 19087 19088 19089 11477
5324 19090 19091 19092 19093 19094 19095 19096 19097 19098
19136 19137 19138 19139 19140 19141 8090 19134 19135
19142 19143 19144 19145 19146 19147 19148 19149 7962 14110
5573 7869 19242 19243 19244 19245 19246 19247 6138 6205
5324 7165 19254 19255 19256 19257 19258 19259 19260 19261 2056
18983 19278 19279 19280 19281 19282 19283 19284 19285 19286
13186 5324 19287 19288 19289 19290 19291 19292 19293 19294
12816 19377 19378 19379 19380 19381 19382 19383 5970 19384
15681 5774 19412 19413 19414 19415 19416 19417 19418 3740
8892 7497 5323 19447 19448 19449 19450 19451 19452 19453
6413 19469 19470 19472 19471 19473 19474 19475 19476 11326
19584 19585 19586 19587 7164 19579 19580 19581 19582 19583
19616 19617 19618 18881 19619 19620 15721 19613 19614 19615
19621 19622 19623 19624 19625 19626 19627 19628 19629 12039
5324 19707 19702 19703 19704 19705 19706 7222 19708 19709
17059 5324 11674 10778 19736 19737 19738 19739 19740 19741
19744 1888 19745 19746 19748 19747 19750 19749 19742 19743
19840 19841 19842 19843 19844 3886 19836 19837 19838 19839
3336 15081 7913 3886 18041 15509 19864 19865 19866 19867
6921 20011 20012 20013 20014 20015 20016 20017 12315 6140
20070 20071 20072 20073 20074 20075 20076 3788 20077 9328
20085 20086 20087 20088 20089 20090 20091 20092
20107 20108 20109 20110 20111 20112 20113 20114 20115 20116
20128 20129 20130 20131 20132 20133 20134 20135 20136 20137
18144 8419 5324 20146 20147 20148 20149 20150 20151 20152
20167 20168 20169 20170 20171 20172 20173 12181 7510 5374
1922 20199 2056 20200 20201 20203 20202 20204 20205 20206 2056
20207 20208 20209 20210 20211 20212 20213 20214 20215 20216
6176 20295 20296 20297 20298 20299 20300 19213 20301 20302
20352 20353 20354 11468 9653 20347 20348 20349 20350 20351
20411 8271 20405 20406 20407 20408 14393 20410 20409 20412
20422 20423 20424 20425 20426 20427 20428 20429 20309 11993
20456 20457 20458 20459 20460 20461 20462 20463 20464 20465
20466 20467 20468 20469 20470 20471 20472 20473 20474 11804
20588 20589 20590 20591 20592 20593 20594 20595 7897
20614 20615 20616 20521 20617 20618 20619 20620 20621
20751 20752 20753 20754 20755 20756 20757 18455 16188 15357
20919 3886 20914 7379 20915 20916 20918 20917 20920 3769
21024 21025 21026 21027 21028 21029 21020 21021 21022 21023
21472 21473 21474 21475 21476 13983 17302 21469 21470 21471
21509 21510 21511 21512 21513 21514 14888 21515 21516 3769
21600 21601 21602 21603 3788 20570 9596 21597 21598 21599
7940 10092 21649 21650 21651 21652 20693 21653 21654 14782
21824 21825 21826 21817 21818 21819 21820 21821 21822 21823
5377 294 21898 10058 21900 21899 21901 21902 21903 3830
21920 21921 21922 21923 21924 21925 21926 21917 21918 21919
21984 15842 9126 21983 16540 16659 21980 21981 21982 9119
12199 22101 22102 22103 22104 22105 22106 22107 22108 22109
11329 6790 5402 22263 22264 22265 22266 22267 22268
17837 17883 22328 22329 22330 22331 22332 22333 22334 22335
22412 22413 22414 22415 22416 22417 22418 22419 22420 22421
22441 22442 22443 22444 22445 22446 22447 15249 15250 20405
22932 22933 22934 22935 22936 22937 22938 22939 22940 22941
5569 26690 26691 5566 6660 5506 5321 5323 5324 22494 4993 3715 3335 392 5129 3976 1934 2707 3223 408 666 3610 2845 681 683 940 2479 5040 2354 819 2742 3127 1590 1977 2618 4540 4414 5057 5058 4289 4932 837 1606 199 2120 3015 3018 843 845 5069 3279 976 4944 472 344 2009 2779 4827 859 1756 353 610 2787 2917 486 359 2283 3821 623 3952 4080 2802 1779 1013 3703 1273 3322 3709 3966 3711
26753 26754 26755 26756 26757 26758 26759 5321 5323 3769
26813 26805 26806 26807 26808 26809 26810 26811 26812 8826
26856 26857 26858 26859 2924 26860 26861 26862 5563 2924
5323 26863 26864 26865 26866 7119 26867 26868 7931 8028
8429 7153 26870 26871 26872 26873 26874 26875 26876 26877
5569 5507 5571 7814 5323 5716 26904 26905 26906 26907
26917 26918 26919 26920 26921 26922 26923 26924 26925 26926
8360 3886 26935 26936 26937 26938 26939 26940 26941 26942
26976 26977 16596 7222 10779 26971 26972 26973 26974 26975
5506 5321 5323 5324 19150 3886 239 27027 27028 5108 972 2782
27040 27041 27042 27043 7721 10519 27036 27037 27038 27039 790
27095 5323 27089 27090 27091 27092 27093 27094 16759 3898
27104 5323 27096 27097 27098 27099 27100 27101 27102 27103
27171 27172 27173 27174 27175 27176 27177 10381 7415 7995
11371 21426 7186 27190 27191 27192 27193 27194 27195 27196
27201 27202 27203 27204 27205 2983 5323 5324 13146 9597 2983
27206 27207 27208 27209 27210 27211 27212 27213 27214 27215
3717 27216 27217 27218 27219 27220 27221 27222 27223 27224
9601 27248 27249 27250 27251 27252 27253 27254 27255 27256 628
27363 27364 27365 27366 27367 27368 27369 27370 5323 27371
27398 27399 27400 27401 27402 27403 27404 8241 27036 5855
27424 27425 27426 27427 12548 27428 27429 5323 5324 12829
5316 5323 27439 27440 27441 27442 27443 3544 6777
10726 27448 5811 27444 27445 27446 27447 12022 27449 27450
24547 27559 27560 27561 27562 27563 27564 27565 27566 21210
5506 5507 27588 27589 27590 27591 27592 6154 5324 8846
27593 27594 27595 27596 27597 5323 27598 15924 5333 5529
27624 27625 14665 27626 27627 27629 27628 27630 12021 22169
6272 5891 12999 5774 27631 27632 9550 27633 11443 5563
27264 6028 27701 27702 27703 27704 27705 27706 27707 27708
27727 27728 27729 27730 27731 27732 27733 27734 27735 27736
27767 27762 27763 27764 27765 10038 27766 27768 27769 27770
5959 5323 27791 27792 27793 27794 27795 21394 17937 8767
27798 27799 27800 27801 27802 27803 27804 27805 27806 27807
27814 27815 27816 5321 27817 27818 3788 27819 27820 3769
27886 27887 27888 27889 27890 27891 27892 27893 27894 27895
27904 7942 5959 7368 7657 5321 6478 3769 27902 27903
27936 27937 27278 17528 27930 27931 27932 27933 27934 27935
6563 27973 27974 27975 27976 27977 27978 5323 27979 6557
5573 7081 5994 27980 27981 27982 11439 7735 11802
28000 28001 8290 28002 27994 27995 27996 27997 27998 27999
5323 5324 28022 28023 28024 28025 28026 28027 28028 28029
6337 28044 28045 28046 28047 28048 28049 6231 7192 9562
2888 24686 28084 28085 28086 28087 28088 28089 3775
5728 7659 28120 28121 28122 28123 28124 28125 28126 28127
28192 28193 28194 5323 5324 18737 8724 3769 9598 28191
7235 5321 14858 28208 28209 28210 28211 28212 28213 28214
28279 6383 28274 28275 28276 28277 28278 6231 28280 3163 3163
28288 28289 28290 28291 28292 28293 28294 6450 28287
28295 28296 28297 28298 5323 28299 28300 28301 28302 9168
3754 28303 28304 28305 28306 15185 28308 28307 3898 12925
28328 28329 28330 28331 28332 28333 28334 6383 28335 27545
28416 28417 28418 28419 28420 28421 28422 28423 28414 28415
28033 6212 14121 28426 28427 28428 28429 28430 28431 5819
5321 5323 5324 5684 28439 28440 28441 28442 28443 28444 4488
28448 28449 28450 28451 28452 9357 5584 28445 28446 28447
28480 28481 28482 28483 28484 28485 8591 26842 28478 28479
28549 28550 28551 28552 5323 5324 6478 3769 22426 5597
28674 28675 28676 6562 28677 28678 7621 10097 5395 6557
28679 28680 28681 28682 28683 28684 28685 7222 11933 6079
5571 5321 6346 5323 6348 2893 28686 28687 28688 3769
7522 28739 28740 28741 7140 7142 8200 18057 7147 8204
28783 28784 28785 28786 28787 28788 5402 22843 12828 12830
6337 6138 5575 28886 6070 28888 6457 28887 6140 17023
28901 28902 28903 28904 28905 28906 5323 28907 12209 7548
28928 28929 28930 28931 28932 28933 28934 5324 657 11418
28970 28971 28972 28973 22090 28974 28975 28976 28977 27315
9258 29018 18670 29013 29014 29015 29016 29017 12794 29019
29027 29028 29029 29030 24903 29032 29031 9911 28413 6079
29079 29073 29074 29075 29076 7668 29077 29078 29080 29081
29143 29144 29138 29139 29140 29141 29142 14007 27253 29145
29155 29156 29157 29158 29159 29160 29161 29162 3788 13777
29220 29221 29222 29223 9800 5321 5324 3886 5716 18335
29230 29231 29232 29233 29234 29235 29236 29237 29238 6297
29252 29253 29254 29255 29256 29257 29258 29259 29260
29332 29333 29334 29335 29336 29337 29338 29339 29340 5501
29344 29345 29346 29347 29348 29349 29350 29341 29342 29343
5323 5552 29369 29365 29366 29367 29368 5721 29370 29371
29376 29377 7248 29375 6874 29372 29373 29374 7071
29376 29378 29379 29380 29381 29382 29383 11433 3788 26833
29408 29409 29410 29411 5954 3400 3788 3886 16029 5950
6859 29458 29459 29460 29461 29462 29463 29464 29465 29466
9020 5321 10506 6605 6830 29498 29499 29500 29501 2792
12417 29510 29511 29512 29513 29514 29515 6093 5838 11926
29536 29537 29538 29539 29540 29541 14797 16945 9885 29535
27552 29542 29543 29544 29545 29546 5323 29547 10615 11388
29548 17932 29549 29550 29296 29551 29552 29553 5563 8124
29603 29604 15813 29605 29606 29608 29607 29610 29609 5805
10756 7882 7018 21426 29619 29620 29621 29622 29623 29624
6340 8298 29644 29645 29646 29647 29648 29649 9621 11038
27777 29671 29672 29673 29674 6124 14007 27096 6555 27100
5321 14122 29677 29678 29679 29680 29681 19988 9629 9502
19232 29761 29762 29763 29764 7936 29765 5479 7940
29766 29767 29768 5321 29769 29770 29771 29772 3898 10783
10984 8553 29802 29800 29801 29803 2991 7183 10991 5076
29824 29825 29826 29827 29828 29829 29830 17339 29822 29823
29853 29847 29848 29849 29850 29851 29852 28669 29854 29855
27876 3788 46 29936 29937 29938 29939 29940 29941 29942
29953 29954 29955 29956 29957 29958 29959 5321 8633 5563
30016 30017 30018 30019 8356 7081 6545 13970 3769 30015
30080 30081 30082 30083 9432 30075 30076 30077 30078 30079
30123 30124 30125 30126 30127 30128 6545 30129 30130 30131
30145 30146 30147 30148 30149 30150 30151 30152 30153 16061
7489 7490 5959 30184 30185 30186 30187 26683 6655
16003 5321 5323 30257 30258 30259 30260 30261 30262 30263
30307 30308 30309 30310 30311 5571 5321 12548 5323 14385
16878 30319 30320 30321 21169 30322 6388 5813 30323 29399
30406 30407 30408 30409 30410 30411 30412 30413 30414 13178
25985 29409 29383 5323 5293 26834 30354 29396 5821 5566 3200 3719 265 2967 3738 2723 2340 2854 3497 1602 3139 5058 3274 467 4820 3157 4950 2659 740 3686 762 5117
30496 30497 30498 16003 30499 28230 13263 6833 30494 30495
30560 30561 30562 30563 30564 25791 30565 30557 30558 30559
8448 7968 7047 5321 8073 3819 5676 30580 30581 5403
3742 14007 30617 30618 30619 30620 30621 30622 30623
30657 30658 30659 30660 30661 30662 30663 30664 8621 6747
30693 30694 30695 30696 10245 30697 30698 30699 26679 21528
29058 131 6308 9670 6633 2964 30743 30744 3098
5888 30756 30757 30758 30759 30760 26665 26666 30761 30157 4385 5091 1700 1188 5226 5169 2228 5143 5209
25985 30722 30850 5281 29383 5323 30354 29396 3006 5566 2880 5217 2115 1029 4855 3824 854 2615 2361 93 223
20506 5764 10565 3788 30873 30874 30875 30876 30877 30878
30880 5889 30881 30882 5956 30883 7080 28597 20470 30879
30884 30885 30886 30887 30888 30889 10378 30890 30891 30892
21060 18535 5383 30985 30984 30986 30988 30989 30990 30987
7649 31012 31013 31014 31015 12105 2894 15152 27261 63
3848 5321 5323 5324 26674 31027 31028 26716 5566 26655 775 1042 4118 3223 412 2593 419 431 2875 3018 4176 3024 979 5076 3544 991 3168 865 3172 364 4846 1779 2036
28802 5381 5479 5321 5324 3788 3769 31035 31036 31037
7335 6762 31096 31097 31098 31099 31100 31101 31102 3775
2888 31145 31146 31147 3886 6386 6078 6040 5820 5566 3715 3976 3223 3610 666 669 2337 2593 683 819 1590 4540 4289 837 3018 344 2009 218 859 1756 610 2787 2917 2283 1779
5571 5321 31179 31180 5323 3886 31181 148 3769 164 8 2985 1674 4754 5143 951 216
29192 8425 5324 3568 31185 31186 31187 31188 3898 30045
31200 31201 31202 31203 31204 28554 27248 8151 28919 30780 4281 868 3637 5222
31210 31211 31212 31213 31214 31215 31216 22897 31217 31218
7558 5321 5323 18800 26610 5394 20 26654 26652 5566 646 5254 2707 4499 2845 1953 3236 3635 1589 1723 3007 577 706 5058 4932 4674 711 4297 2902 2779 3036 606 1631 3167 1638 1766 3182 4592 2801 2802 3703
31367 31368 31369 31370 31371 31372 31373 31374 20081 11549
6410 31564 31565 31566 31567 31568 31569 31570 31571 10716
5323 31760 31761 31762 31763 31764 31765 31766 31767 8315 3689 3891
6272 5504 31778 6377 5321 5323 5822 5324 3886 5566 2030
5321 3886 30543 28919 31866 31867 31868 31869 31870 31871
7617 29507 5507 3591 5321 5323 5324 3886 31919 29907 3563
24736 32005 32006 32007 6386 7604 11477 8056 5820 5566 1921 5092 845 5180 274 2707 1652 3186 694 1304 186 2779 828 3966 2687
13795 5959 32040 6377 32042 32041 32043 32044 6545 5585
28450 5321 10859 26767 32055 32056 32057 32058 32059 32060
26977 32068 32069 32070 32071 24840 32072 32073 21779 18297
3906 5321 32272 8113 32273 32275 32274 32276 19739 19230
32290 32291 32292 32293 32294 32295 32296 32297 32298 13394
32564 32565 32566 32567 32568 32569 32570 32571 32572 32573
9824 32704 32705 32706 32698 32699 32700 32701 32702 32703
32901 32902 32903 32904 5321 32905 32907 32906 5365 31484
33472 18787 28230 33465 33466 33467 33468 33469 33470 33471
5891 33608 33609 33610 33611 33612 33613 33614 14610 30774
7523 33674 33675 33676 33677 33678 33679 33680 33681 33682
27698 11128 33717 33718 33719 33720 33721 33722 18399 14815
33728 33729 33730 15471 20304 33723 33724 33725 33726 33727
7968 33831 33832 33833 33834 33835 3886 9810 9811 33110
16419 34021 34022 34023 25768 34024 34025 22647 9176 7007
34073 11176 3886 12975 21426 8180 3769 34074 34075 34076
6660 5323 34321 34322 34323 34324 34325 34326 34327 5721
6627 34351 34352 34353 34354 34355 34356 34357 34358 34359
14304 34785 34784 34787 34786 34788 34790 34791 34789 3102
34863 34864 34865 34866 34867 34868 34869 34870 34871 10780
35008 35009 35010 5959 35002 35003 35004 35005 35006 35007
35083 35084 35085 35086 35087 35088 35089 35090 35091 35092
35108 35109 34340 35111 35110 35112 7621 35113 3886 13265
11104 5321 35147 35148 6028 35149 35150 3769 29372 5437
17472 35201 35202 35203 35204 35205 35206 35207 5583 5471
35424 35425 28841 35417 35418 35419 35420 35421 35422 35423
35426 35427 35428 35429 294 35430 10058 3830 3742 9471
35495 35496 35497 35498 35499 35500 35501 17135 8724 33468
5507 35537 35538 22161 35540 35541 35539 19191 35542 27769
32453 35625 35626 35627 35628 35629 35630 24589 35631 9020
5863 7980 35664 35665 35666 35667 35668 35669 35670 35671
35697 35698 35699 35700 35701 35702 35703 35704 35705 35706
34980 15558 17322 35757 35758 35759 35760 35761 35762 35763
35878 35879 35880 5321 35882 35881 14512 29173 26587 5885
5377 35953 35954 35955 35956 35957 35958 35959 13169 35960
36025 12938 21548 3830 36022 36024 36023 36026 36027 22108
12417 36048 36049 36050 36051 36052 36053 36054 36055 36056
36128 36129 28638 9625 32027 36124 36125 36126 36127
36960 36961 36962 36963 36964 36965 9126 36967 36966 17161
7922 36983 36984 36985 36986 36987 36988 36989 36990 36991
36992 36993 36994 36995 36996 36997 36998 36999 22481 11256
33866 31762 6581 37272 37273 37274 37275 37276 37277 37278
37380 37381 37382 37383 34034 21619 12758 15768 15769 15770
24164 37510 33127 37511 37512 13606 37513 24589 24154 5339
37061 38448 38449 38450 38451 38452 38453 38454 7857 15867
16802 39377 39378 39379 39380 39381 39382 39383 39384 39385
39909 39910 39911 39912 39913 39914 39915 39916 39917 39918
41077 41078 41079 41080 41081 41082 41083 41084 41085 41086
