0 1957
0 1960
1 810
1 1488
3 4235
5 41
5 1556
8 3552
8 4374
9 850
9 1006
9 1143
9 2197
10 5225
19 944
20 5099
23 145
23 314
23 809
23 3273
24 2605
29 3736
31 333
31 5092
38 5238
38 5261
41 5
46 2137
47 3086
47 5034
47 5166
48 941
48 3788
48 4655
50 810
51 2676
54 223
54 282
54 2887
54 2959
54 3051
54 3723
54 5311
57 843
57 3772
62 210
64 192
64 5106
64 5146
65 496
65 3769
65 3898
69 1530
69 1743
69 2864
69 5102
69 5113
70 76
70 231
70 397
70 1742
70 4497
70 5167
76 70
76 3431
78 3022
78 3257
79 730
79 4577
86 327
90 5106
100 4288
103 376
112 2878
113 1175
113 5185
119 3876
123 4932
127 915
127 958
128 3602
143 3676
145 23
149 5092
153 5092
154 4440
154 5197
160 4222
163 3864
163 4247
165 4113
165 5167
170 251
170 289
170 1580
170 2961
172 425
172 1215
172 3277
172 4162
173 296
185 1022
185 1083
188 1006
192 64
194 1955
196 328
196 1428
199 5166
199 5226
208 5084
209 686
209 3190
209 3227
210 62
211 3337
213 3309
214 2741
218 5160
221 236
221 608
223 54
226 4864
228 906
228 3543
231 70
231 863
233 5179
236 221
238 3755
239 3968
244 5163
246 763
249 2013
251 170
251 2227
252 280
252 409
252 3682
252 4336
260 608
261 605
261 4466
261 5132
262 3968
265 376
266 2864
267 1209
269 616
269 1665
269 1827
269 1870
269 1951
269 2083
269 2137
269 5099
269 5224
269 5229
280 252
280 376
280 3675
282 54
284 3219
284 5132
287 3613
289 170
296 173
296 3022
299 2983
299 3724
303 990
303 1665
303 1892
303 2211
303 3582
303 4132
303 5224
304 442
306 728
306 734
307 1062
307 1111
307 3858
309 573
309 584
312 1584
314 23
314 400
314 758
314 1550
314 3483
317 1030
317 5034
318 596
318 1056
318 3710
319 4136
321 764
327 86
327 2686
328 196
329 4052
333 31
333 442
333 567
333 3005
333 3262
333 3326
333 3481
341 526
341 3864
345 1223
345 1469
352 5138
356 3319
358 655
358 1856
359 374
359 1234
359 1245
359 2556
361 1704
361 3169
364 3168
365 2886
365 3339
365 3657
374 359
376 103
376 265
376 280
376 1190
376 3157
376 3682
381 4433
382 3968
383 3207
388 3676
390 3683
396 1121
396 1156
396 1675
397 70
397 863
399 3243
399 3893
400 314
402 2975
403 2886
403 3858
406 3541
406 3827
409 252
409 5114
411 781
411 837
411 1293
411 1486
411 1813
411 2058
414 1130
414 2676
414 3811
414 4980
415 2542
419 3319
420 728
420 734
421 3682
422 2185
423 3737
425 172
425 4872
427 3204
427 3834
427 4106
437 893
437 5208
439 1526
442 304
442 333
442 3690
442 5114
443 3858
443 4091
448 3815
452 837
452 1957
452 1960
463 1955
463 5106
463 5186
467 1960
471 1562
495 1942
495 4717
495 5004
496 65
496 1293
496 1813
496 1957
496 2058
496 2501
496 3422
497 728
497 734
526 341
526 3306
526 3690
526 3815
537 3107
549 3930
558 2451
558 4917
566 1731
567 333
567 5092
573 309
584 309
594 3541
596 318
604 1334
605 261
605 3208
608 221
608 260
615 3932
616 269
616 1988
616 2017
616 3840
618 932
618 2320
619 1606
622 2362
622 4067
624 1294
646 682
646 711
652 5178
652 5189
655 358
655 3086
659 5127
667 3783
667 4037
676 969
682 646
686 209
705 2026
705 5080
705 5258
708 1185
709 5253
711 646
711 1766
711 4894
719 1209
722 4190
725 5252
726 2085
728 306
728 420
728 497
728 810
728 1488
728 1625
728 1679
728 3612
728 3628
730 79
733 3858
734 306
734 420
734 497
734 1625
734 1679
734 3612
734 3628
751 3326
758 314
758 1753
763 246
763 1559
763 5101
764 321
766 991
781 411
781 5207
786 2058
787 2676
806 1859
806 3265
809 23
810 1
810 50
810 728
810 1293
810 2897
811 1768
825 1406
825 3875
834 3333
837 411
837 452
837 3822
837 3886
837 3898
837 3906
843 57
843 1982
844 925
844 2423
847 4368
848 1790
849 1185
849 4041
850 9
853 1813
858 1185
858 1955
858 2011
858 4118
858 4411
858 5190
863 231
863 397
863 1742
863 4497
863 5167
864 2023
864 2056
875 1797
882 1470
882 2886
882 3858
883 966
885 1500
893 437
893 1846
903 1768
906 228
908 1562
913 1441
915 127
915 3096
917 5151
925 844
932 618
933 994
941 48
944 19
947 1798
947 2378
947 3301
958 127
958 3427
958 3737
963 5243
966 883
966 2003
966 4381
969 676
983 4250
990 303
991 766
991 5090
994 933
996 2772
996 5226
998 2478
998 3813
1003 4326
1006 9
1006 188
1010 4400
1014 3858
1014 5092
1018 1135
1021 1339
1021 5077
1022 185
1030 317
1032 5102
1056 318
1062 307
1062 3193
1075 1768
1080 1758
1083 185
1083 3295
1083 3494
1087 3602
1096 5192
1097 3898
1097 4579
1108 4066
1111 307
1111 1967
1115 3836
1117 1955
1117 5106
1117 5186
1121 396
1121 3192
1124 1827
1130 414
1130 2626
1130 2850
1130 4859
1130 4866
1130 4872
1130 4980
1130 5132
1130 5134
1131 3686
1135 1018
1135 5262
1136 3342
1137 1800
1143 9
1151 1934
1156 396
1156 3211
1156 4456
1169 5138
1175 113
1175 1566
1175 4206
1178 5209
1185 708
1185 849
1185 858
1185 3483
1185 3614
1185 3820
1190 376
1209 267
1209 719
1209 1579
1209 2480
1213 3682
1213 3824
1215 172
1215 3089
1215 4710
1222 2946
1223 345
1225 3916
1234 359
1234 5231
1239 1895
1245 359
1246 1539
1246 2994
1246 3612
1259 3425
1277 3895
1279 5249
1280 5249
1287 1562
1293 411
1293 496
1293 810
1293 3769
1293 3788
1293 3822
1293 3886
1294 624
1299 4447
1303 5134
1304 5237
1313 5132
1319 3002
1319 3614
1319 4457
1323 5134
1329 1821
1331 4454
1334 604
1339 1021
1339 3747
1339 3787
1340 2886
1340 5198
1352 5252
1366 1723
1366 4182
1366 5002
1370 2431
1374 5122
1391 3339
1394 1924
1403 1410
1406 825
1406 5166
1410 1403
1410 1744
1410 2012
1410 4337
1421 5258
1428 196
1441 913
1469 345
1470 882
1484 4755
1486 411
1486 3788
1486 3822
1486 3853
1486 3886
1486 3898
1488 1
1488 728
1494 5234
1496 2640
1497 2941
1500 885
1513 5262
1526 439
1526 3885
1530 69
1530 3300
1530 3863
1530 4776
1539 1246
1539 3815
1539 3839
1541 5225
1550 314
1556 5
1559 763
1562 471
1562 908
1562 1287
1566 1175
1566 5185
1576 1955
1578 2864
1579 1209
1580 170
1584 312
1586 5207
1599 4835
1600 4892
1604 2386
1606 619
1609 1912
1614 4879
1625 728
1625 734
1630 5119
1634 3277
1654 3004
1657 4708
1659 2862
1660 1814
1665 269
1665 303
1665 3840
1674 2267
1675 396
1679 728
1679 734
1679 2340
1679 3135
1679 3815
1679 5313
1689 4954
1692 3277
1699 4132
1701 3049
1701 3551
1701 5288
1702 3897
1702 5195
1704 361
1723 1366
1731 566
1731 3224
1731 4446
1733 4699
1741 3277
1741 3683
1742 70
1742 863
1743 69
1744 1410
1751 1835
1753 758
1754 2010
1755 3481
1758 1080
1764 2010
1766 711
1766 3340
1766 3758
1766 3800
1768 811
1768 903
1768 1075
1768 4879
1772 2657
1789 4726
1790 848
1797 875
1798 947
1800 1137
1811 3209
1813 411
1813 496
1813 853
1813 2874
1813 2875
1813 2893
1813 3769
1813 3886
1814 1660
1814 5208
1821 1329
1822 5254
1827 269
1827 1124
1827 2877
1827 3809
1827 3840
1835 1751
1835 4458
1846 893
1846 3884
1856 358
1856 5186
1859 806
1859 3206
1859 3265
1859 3578
1859 4759
1859 4997
1863 5041
1864 2208
1870 269
1870 3840
1874 5182
1892 303
1895 1239
1909 5102
1912 1609
1919 3049
1920 1920
1920 2094
1920 3646
1920 3834
1924 1394
1924 2532
1934 1151
1934 3709
1934 3819
1940 2645
1940 3107
1942 495
1944 2298
1951 269
1951 3840
1951 5020
1955 194
1955 463
1955 858
1955 1117
1955 1576
1955 2712
1955 3820
1957 0
1957 452
1957 496
1957 2875
1957 3769
1957 3775
1957 3898
1957 3906
1960 0
1960 452
1960 467
1960 2865
1960 3742
1960 3853
1960 3906
1967 1111
1967 2941
1968 2490
1969 2851
1973 2759
1982 843
1982 3233
1982 4504
1986 2329
1988 616
1999 3853
2001 5104
2003 966
2010 1754
2010 1764
2010 2091
2010 2403
2011 858
2011 2320
2011 3820
2012 1410
2013 249
2013 3683
2017 616
2020 2863
2023 864
2026 705
2038 5217
2040 2082
2040 2605
2040 4107
2040 4116
2040 4665
2045 3339
2045 3685
2056 864
2056 4965
2058 411
2058 496
2058 786
2058 3769
2058 3775
2058 3788
2058 3886
2068 2241
2077 3136
2082 2040
2083 269
2083 3840
2085 726
2091 2010
2094 1920
2102 5126
2105 3326
2115 2213
2135 3454
2135 4186
2135 4907
2137 46
2137 269
2137 3840
2146 3326
2161 2220
2161 2867
2164 3582
2185 422
2194 5166
2197 9
2208 1864
2210 3788
2211 303
2213 2115
2220 2161
2220 4992
2227 251
2241 2068
2250 4612
2267 1674
2272 4825
2279 4465
2286 5008
2297 5174
2298 1944
2305 3202
2305 5094
2308 3959
2320 618
2320 2011
2320 2337
2320 2390
2320 4411
2329 1986
2331 5119
2332 5110
2335 3689
2337 2320
2340 1679
2353 4885
2362 622
2362 2590
2362 4445
2371 2759
2378 947
2381 3048
2386 1604
2390 2320
2403 2010
2403 4104
2403 4577
2403 4842
2403 5075
2413 5203
2413 5247
2423 844
2431 1370
2440 2632
2443 4334
2451 558
2473 3219
2478 998
2480 1209
2490 1968
2499 5261
2501 496
2501 3769
2514 3952
2532 1924
2540 3361
2542 415
2547 5221
2548 4054
2556 359
2569 4208
2571 3683
2571 4872
2574 5258
2581 3883
2590 2362
2595 3541
2599 5158
2605 24
2605 2040
2626 1130
2626 2926
2626 3811
2632 2440
2640 1496
2643 4440
2645 1940
2649 2886
2649 2983
2649 3858
2649 3874
2649 5206
2654 5261
2657 1772
2665 4754
2673 2685
2676 51
2676 414
2676 787
2676 3683
2685 2673
2686 327
2689 5189
2691 3760
2710 5181
2712 1955
2741 214
2741 2759
2759 1973
2759 2371
2759 2741
2772 996
2781 4113
2809 4940
2848 5206
2850 1130
2850 3811
2850 4010
2850 4890
2851 1969
2851 3626
2852 4909
2854 2903
2854 4689
2860 3442
2862 1659
2862 4636
2863 2020
2863 4699
2864 69
2864 266
2864 1578
2865 1960
2865 5089
2867 2161
2871 5192
2874 1813
2875 1813
2875 1957
2877 1827
2877 4313
2877 5254
2878 112
2878 4476
2886 365
2886 403
2886 882
2886 1340
2886 2649
2886 5117
2887 54
2889 5106
2893 1813
2897 810
2903 2854
2904 3582
2913 3319
2926 2626
2941 1497
2941 1967
2946 1222
2948 4041
2948 4411
2948 5104
2959 54
2961 170
2965 2994
2967 3481
2975 402
2983 299
2983 2649
2991 3102
2994 1246
2994 2965
2994 3839
2999 3260
3002 1319
3002 4041
3002 4433
3004 1654
3005 333
3008 5201
3022 78
3022 296
3048 2381
3049 1701
3049 1919
3049 4825
3051 54
3086 47
3086 655
3089 1215
3096 915
3102 2991
3102 3824
3107 537
3107 1940
3107 3293
3135 1679
3136 2077
3141 4408
3157 376
3167 4894
3167 5174
3168 364
3169 361
3169 4940
3190 209
3192 1121
3193 1062
3200 3273
3200 3519
3200 3708
3202 2305
3204 427
3206 1859
3207 383
3208 605
3209 1811
3209 3246
3211 1156
3212 4336
3212 4411
3219 284
3219 2473
3222 5215
3224 1731
3225 5186
3227 209
3233 1982
3235 5068
3243 399
3244 5046
3246 3209
3251 5180
3256 5186
3257 78
3257 5197
3260 2999
3260 3270
3262 333
3265 806
3265 1859
3270 3260
3273 23
3273 3200
3277 172
3277 1634
3277 1692
3277 1741
3277 3301
3281 5187
3292 5106
3293 3107
3293 4440
3293 4745
3295 1083
3299 4655
3300 1530
3301 947
3301 3277
3301 3315
3306 526
3309 213
3315 3301
3319 356
3319 419
3319 2913
3326 333
3326 751
3326 2105
3326 2146
3326 3824
3333 834
3333 3373
3333 5280
3337 211
3337 5192
3339 365
3339 1391
3339 2045
3339 3643
3339 3850
3340 1766
3340 3751
3342 1136
3361 2540
3373 3333
3422 496
3425 1259
3427 958
3431 76
3442 2860
3446 5168
3454 2135
3454 4866
3454 4980
3454 5134
3473 5186
3481 333
3481 1755
3481 2967
3483 314
3483 1185
3494 1083
3494 4528
3495 4728
3495 5126
3500 4411
3519 3200
3519 3787
3541 406
3541 594
3541 2595
3543 228
3551 1701
3552 8
3552 5168
3571 5239
3578 1859
3582 303
3582 2164
3582 2904
3594 3683
3596 5165
3598 3858
3602 128
3602 1087
3612 728
3612 734
3612 1246
3612 3839
3612 3880
3613 287
3614 1185
3614 1319
3626 2851
3628 728
3628 734
3628 3826
3643 3339
3643 3657
3646 1920
3649 5160
3657 365
3657 3643
3675 280
3676 143
3676 388
3676 5122
3682 252
3682 376
3682 421
3682 1213
3683 390
3683 1741
3683 2013
3683 2571
3683 2676
3683 3594
3683 5132
3683 5197
3683 5211
3685 2045
3686 1131
3687 4992
3689 2335
3690 442
3690 526
3696 4925
3696 5180
3708 3200
3709 1934
3710 318
3720 3897
3723 54
3724 299
3729 5237
3736 29
3737 423
3737 958
3742 1960
3747 1339
3747 4932
3747 5173
3751 3340
3755 238
3755 5101
3758 1766
3760 2691
3762 5089
3769 65
3769 1293
3769 1813
3769 1957
3769 2058
3769 2501
3772 57
3775 1957
3775 2058
3775 5089
3783 667
3787 1339
3787 3519
3787 5099
3787 5173
3787 5224
3788 48
3788 1293
3788 1486
3788 2058
3788 2210
3788 5089
3800 1766
3809 1827
3811 414
3811 2626
3811 2850
3811 4859
3811 4866
3811 4872
3811 4980
3811 5132
3811 5134
3813 998
3813 5116
3813 5168
3815 448
3815 526
3815 1539
3815 1679
3819 1934
3820 1185
3820 1955
3820 2011
3820 4118
3820 4411
3820 5190
3822 837
3822 1293
3822 1486
3824 1213
3824 3102
3824 3326
3825 5168
3826 3628
3826 5173
3827 406
3834 427
3834 1920
3836 1115
3837 5092
3839 1539
3839 2994
3839 3612
3840 616
3840 1665
3840 1827
3840 1870
3840 1951
3840 2083
3840 2137
3840 5099
3840 5224
3840 5229
3841 5190
3848 5173
3848 5205
3850 3339
3853 1486
3853 1960
3853 1999
3854 5089
3858 307
3858 403
3858 443
3858 733
3858 882
3858 1014
3858 2649
3858 3598
3858 3953
3858 5107
3858 5117
3858 5243
3863 1530
3864 163
3864 341
3874 2649
3875 825
3875 5166
3876 119
3880 3612
3883 2581
3884 1846
3885 1526
3886 837
3886 1293
3886 1486
3886 1813
3886 2058
3893 399
3895 1277
3897 1702
3897 3720
3898 65
3898 837
3898 1097
3898 1486
3898 1957
3906 837
3906 1957
3906 1960
3910 5109
3916 1225
3925 5258
3930 549
3932 615
3952 2514
3953 3858
3959 2308
3968 239
3968 262
3968 382
4010 2850
4037 667
4041 849
4041 2948
4041 3002
4041 5122
4052 329
4054 2548
4066 1108
4067 622
4081 5238
4091 443
4104 2403
4106 427
4107 2040
4113 165
4113 2781
4116 2040
4118 858
4118 3820
4132 303
4132 1699
4132 5179
4136 319
4146 5242
4162 172
4162 5141
4181 5243
4182 1366
4186 2135
4190 722
4190 5200
4206 1175
4208 2569
4208 5162
4222 160
4235 3
4247 163
4247 5169
4250 983
4252 5242
4286 5267
4288 100
4296 5174
4299 4496
4313 2877
4326 1003
4334 2443
4334 5116
4336 252
4336 3212
4337 1410
4350 5191
4368 847
4374 8
4381 966
4400 1010
4408 3141
4411 858
4411 2320
4411 2948
4411 3212
4411 3500
4411 3820
4423 4655
4424 4883
4433 381
4433 3002
4440 154
4440 2643
4440 3293
4441 5106
4445 2362
4446 1731
4447 1299
4454 1331
4456 1156
4457 1319
4458 1835
4461 5166
4465 2279
4466 261
4476 2878
4496 4299
4497 70
4497 863
4504 1982
4528 3494
4559 5071
4577 79
4577 2403
4579 1097
4588 5224
4599 5068
4612 2250
4636 2862
4655 48
4655 3299
4655 4423
4665 2040
4673 5220
4689 2854
4699 1733
4699 2863
4708 1657
4708 5176
4710 1215
4717 495
4717 4728
4726 1789
4728 3495
4728 4717
4745 3293
4754 2665
4755 1484
4759 1859
4776 1530
4776 5180
4810 5220
4825 2272
4825 3049
4830 5152
4834 5007
4835 1599
4839 5109
4842 2403
4859 1130
4859 3811
4864 226
4866 1130
4866 3454
4866 3811
4872 425
4872 1130
4872 2571
4872 3811
4879 1614
4879 1768
4883 4424
4885 2353
4890 2850
4892 1600
4894 711
4894 3167
4898 5070
4907 2135
4909 2852
4917 558
4925 3696
4932 123
4932 3747
4932 5106
4940 2809
4940 3169
4940 5267
4954 1689
4964 5195
4965 2056
4977 5238
4980 414
4980 1130
4980 3454
4980 3811
4990 5077
4992 2220
4992 3687
4997 1859
5002 1366
5004 495
5007 4834
5008 2286
5020 1951
5034 47
5034 317
5041 1863
5046 3244
5068 3235
5068 4599
5070 4898
5071 4559
5075 2403
5077 1021
5077 4990
5080 705
5084 208
5089 2865
5089 3762
5089 3775
5089 3788
5089 3854
5090 991
5092 31
5092 149
5092 153
5092 567
5092 1014
5092 3837
5094 2305
5099 20
5099 269
5099 3787
5099 3840
5101 763
5101 3755
5102 69
5102 1032
5102 1909
5104 2001
5104 2948
5106 64
5106 90
5106 463
5106 1117
5106 2889
5106 3292
5106 4441
5106 4932
5107 3858
5109 3910
5109 4839
5110 2332
5113 69
5114 409
5114 442
5116 3813
5116 4334
5117 2886
5117 3858
5119 1630
5119 2331
5122 1374
5122 3676
5122 4041
5126 2102
5126 3495
5127 659
5132 261
5132 284
5132 1130
5132 1313
5132 3683
5132 3811
5134 1130
5134 1303
5134 1323
5134 3454
5134 3811
5138 352
5138 1169
5141 4162
5146 64
5151 917
5152 4830
5158 2599
5160 218
5160 3649
5162 4208
5163 244
5165 3596
5166 47
5166 199
5166 1406
5166 2194
5166 3875
5166 4461
5167 70
5167 165
5167 863
5168 3446
5168 3552
5168 3813
5168 3825
5169 4247
5173 3747
5173 3787
5173 3826
5173 3848
5174 2297
5174 3167
5174 4296
5176 4708
5178 652
5179 233
5179 4132
5180 3251
5180 3696
5180 4776
5181 2710
5182 1874
5185 113
5185 1566
5186 463
5186 1117
5186 1856
5186 3225
5186 3256
5186 3473
5187 3281
5189 652
5189 2689
5190 858
5190 3820
5190 3841
5191 4350
5192 1096
5192 2871
5192 3337
5195 1702
5195 4964
5197 154
5197 3257
5197 3683
5198 1340
5200 4190
5201 3008
5203 2413
5205 3848
5206 2649
5206 2848
5207 781
5207 1586
5208 437
5208 1814
5209 1178
5211 3683
5215 3222
5217 2038
5220 4673
5220 4810
5221 2547
5224 269
5224 303
5224 3787
5224 3840
5224 4588
5225 10
5225 1541
5226 199
5226 996
5229 269
5229 3840
5231 1234
5234 1494
5237 1304
5237 3729
5238 38
5238 4081
5238 4977
5239 3571
5239 5290
5242 4146
5242 4252
5243 963
5243 3858
5243 4181
5247 2413
5249 1279
5249 1280
5252 725
5252 1352
5253 709
5254 1822
5254 2877
5258 705
5258 1421
5258 2574
5258 3925
5261 38
5261 2499
5261 2654
5262 1135
5262 1513
5267 4286
5267 4940
5280 3333
5288 1701
5290 5239
5311 54
5313 1679
